100
4122
8316 5110
5494 2366 2025
8146 6328 7023 1584
8941 7659 2562 6499 1538
1766 1443 7262 1512 4647 2646
9795 321 5304 5600 9956 8448 3232
9654 2113 3979 6733 6022 8979 7442 5312
2965 6264 6783 7722 1320 864 9918 8454 2039
4438 4895 678 6223 9140 4025 7539 4424 368 8017
3631 3990 4587 5563 1805 7219 1517 7456 1748 333 2585
9794 4688 3275 6662 5964 7641 1878 8784 6093 3512 8086 6284
1222 1079 7035 6348 1793 8600 8637 1106 8341 4713 6662 8119 5656
9014 2334 7902 7076 7519 4199 9285 8205 3692 202 7932 6977 1487 8369
6666 5089 8153 1239 316 6640 3871 1053 638 9449 2750 415 9279 4902 5917
8630 5392 9630 8642 7375 190 9358 8839 8668 2432 6972 4862 4329 2675 5752 4131
6689 100 1091 6321 4018 9933 6372 504 4895 2500 953 7374 6869 7280 8715 691 3280
9982 6646 3097 9470 6259 3767 6579 4852 2418 6950 4893 992 5840 86 2061 9407 6183 1003
7193 927 888 3051 8505 4168 9460 5752 1246 1559 2621 9901 5796 1291 6968 6887 2787 4963 8038
1638 9388 1159 2835 1716 178 7511 4734 725 9542 3617 747 5520 4104 1847 9589 9485 5947 5615 6712
7087 5609 1725 702 1524 5766 1710 2935 1562 6745 6646 5343 8948 1992 2669 1547 1406 4036 9350 7316 7517
6917 4784 8359 9131 4551 2480 9260 353 8677 8814 6486 1989 3092 2127 6506 8519 1220 3651 5971 5671 930 3760
3109 1849 9665 687 5153 4411 1179 9493 1129 3254 2307 1205 2325 1811 5724 1139 1012 512 1391 6172 2519 2979 8793
8437 138 3231 547 4593 4596 2469 6535 4759 1394 1132 991 5955 1759 2915 4319 1836 1606 9831 7142 4006 7451 2865 7281
6425 6615 3921 6562 2929 4514 6369 1967 8311 2358 5411 8221 2080 7138 9004 606 85 2604 9461 5097 3747 9899 7360 2025 7795
6531 2088 6168 7148 50 7084 4734 5080 4651 4717 2740 9925 3681 9494 8798 8621 742 6684 9257 3720 5124 5045 961 3856 7036 2446
4423 2165 686 6440 864 6930 1576 3970 7441 7424 2402 4749 1593 4137 1593 4444 3488 5296 7194 7946 7935 2687 754 8849 1984 8257 4355
2456 8504 2177 4570 4796 4721 451 8431 8179 493 6322 1997 9597 9559 9993 8290 1003 2764 6005 3497 9285 3979 1082 3734 1110 6649 278 8514
5579 8040 8963 9368 5820 2137 7601 5742 1402 2287 2371 3416 6090 4102 3961 937 4960 1668 4542 236 5408 79 3379 2611 7296 4399 1083 9021 9394
4677 8680 1421 721 6844 3014 7896 6282 2158 1895 3440 9022 3962 2831 2959 1940 741 2592 9429 1764 6223 1897 2262 5153 5064 9866 5230 9478 1011 236
3671 1461 1449 559 5836 9996 1121 2115 7486 474 8558 6042 5671 7360 2666 1262 3117 4058 1922 1408 5322 2512 1761 2945 4361 4616 6177 8292 5539 8703 623
3539 3643 2536 5023 3329 2167 9300 2449 3568 6113 1587 5490 7476 2796 7993 1861 1000 3146 9028 3315 3279 7117 957 4593 4174 797 4733 6034 3464 5610 2482 3356
4361 2563 563 1455 9160 1478 6400 1875 278 1560 8301 9569 2844 295 4368 5557 7141 6574 1689 7522 5831 8441 4418 1575 2136 1802 231 2481 6638 7099 8504 9873 599
1093 2813 2655 8362 7184 9241 7599 750 2044 3089 1571 778 1536 111 1073 1453 1201 6210 6839 3135 2501 3160 8412 1751 1879 4095 6456 8286 9550 6329 1382 4051 8634 2046
8537 3233 7823 7638 62 8014 7285 2215 3665 8054 5006 9019 9042 7464 2490 9478 488 8478 392 2087 5814 5235 1502 7565 2430 2560 4858 2924 5172 3815 7786 9279 7636 5284 9817
1584 3015 9008 1275 7430 8785 4504 6011 3999 638 9838 8482 2174 4623 8830 1099 3510 3344 3172 9877 5672 7964 8364 5577 2665 1842 9049 8188 7624 953 8011 6407 174 3522 5195 3973
1511 2958 5336 3277 2592 352 535 7649 6002 2323 5910 3190 1614 8335 8978 485 4472 8616 1050 8305 7337 9768 51 5450 7376 6415 5821 1489 2681 1960 9174 6845 6561 205 3278 7885 8057
5981 9883 5503 3689 829 7886 3121 7990 8669 6133 6 1046 8572 2418 5835 5060 639 9948 9450 928 3342 7876 4079 1321 2015 843 89 4637 5944 1970 499 9984 5871 1042 7988 6219 9844 9374
6931 1639 1073 3717 9391 730 7248 6252 7775 2433 9454 6396 501 8927 6287 7015 8312 9109 5154 8465 2642 4355 2518 2573 5207 5373 6141 5 855 1137 464 1438 1318 8968 7283 3643 1098 5419 2683
17 1620 5161 1757 8187 1491 4742 1192 8062 5141 7542 8918 368 2176 8122 9199 7157 2912 1401 4527 58 3057 4243 9017 2662 5328 5490 5116 6189 781 9730 5381 5927 7220 6355 1940 9713 2972 3837 6467
2290 1710 9987 8629 7712 634 1066 492 7011 5175 2652 6542 1163 5051 9592 456 2542 3130 2429 5699 6165 1137 7607 5542 9879 5077 3768 3868 2662 2535 7163 9144 185 9211 1685 8454 7257 5930 4876 3988 2640
5909 7277 5473 5038 6026 5033 2196 9790 4012 7344 704 9513 8062 1249 4759 4218 2512 2559 3020 1554 6509 6696 1486 1452 2260 819 7570 1363 7478 2264 815 9298 8607 4677 688 1773 9449 6669 8582 2335 9613 739
9580 2243 1724 8344 1551 8806 4733 2529 8189 2045 4423 5437 2685 5011 5057 214 4000 9686 3431 4197 2422 387 192 3355 404 1518 9215 7165 8116 7319 6695 4991 3390 426 8258 3141 9670 8885 2067 886 5942 7087 5610
178 557 3463 6921 1797 776 250 677 8204 1024 4058 9935 3688 9540 5563 9027 4673 9000 8335 2672 9884 8206 4037 8073 912 1493 2750 2732 9477 3391 2464 9841 5966 919 1390 5061 441 2546 1144 7608 4533 229 4910 6691
8995 168 9723 3022 1136 6362 960 9009 2610 3413 2046 7545 7952 1858 1304 4526 7559 3728 2329 3923 6106 3746 5362 6269 8426 6199 8822 1351 9991 574 6761 7205 7237 9368 8182 5144 6754 2256 4448 594 4999 1705 92 4554 8814
7000 1277 3138 1795 3458 896 631 461 406 89 7993 4367 7470 9805 540 2410 9522 9874 6109 5478 4765 5188 2537 5521 2900 2809 1899 3526 1861 1111 2948 9073 5612 2004 3840 7954 6860 5214 4246 7152 1964 573 4496 2593 2639 678
9773 5111 1465 9265 7619 9261 2831 3357 1080 2450 6974 962 8051 2069 2126 871 3615 8098 3320 341 2560 7515 1526 7932 5016 5323 4715 2725 6236 6535 5763 1927 5155 742 6027 8094 1071 4931 5044 5369 8159 8048 7316 1346 995 1916 670
7972 642 744 2675 2360 345 8295 1129 1760 7461 5141 811 1672 4947 2570 2513 3034 7061 7438 5921 7041 9224 79 1734 6736 2660 2144 6464 1779 6100 3461 2364 9382 2390 3964 7622 5045 5061 8286 7116 7780 2069 7799 7636 1760 8558 6177 801
7381 6301 1592 1858 466 3351 5866 8236 1338 9440 61 1113 3132 5548 2805 3697 2133 419 1894 7336 132 762 5655 7015 4367 831 5512 1199 9316 1813 3013 7388 1186 721 8923 8711 4713 6452 6395 8734 7583 7627 8141 2120 4421 9411 7926 8931 3321
561 7997 5153 3037 2785 7675 3363 1032 4476 1521 8276 4348 7344 3374 6809 728 4139 7872 5510 9806 2807 411 2421 5015 2317 6520 8340 6646 115 5904 8412 1179 2919 3994 1337 6697 2657 1793 311 7353 8004 7321 5961 8848 2902 2195 9680 5119 1873 3439
3754 4986 120 8529 104 3243 109 824 7253 23 3506 2299 7492 4001 5263 5396 3081 2190 4260 7329 7019 201 6847 8201 4888 8488 1360 4589 7161 1839 747 1647 9096 4243 8446 4310 368 7473 6340 8770 499 3984 9481 9006 369 7381 7935 5972 1736 2581 8288
3781 8727 7584 6245 3240 8776 924 5174 4771 3725 2896 787 1240 4122 5250 7427 418 6803 5747 7850 2496 487 1641 5824 8097 4557 813 1712 513 3886 2919 1631 5283 1220 342 4638 7007 9345 3028 224 9902 1619 6970 1824 292 8343 9360 125 2460 7387 6167 7447
1770 9944 8091 975 6285 2576 1091 1642 2068 7508 1930 5223 611 825 9379 1969 7862 9708 8121 1974 9013 9172 4501 1353 664 967 5443 6421 5149 2335 5207 2211 6312 2366 412 7422 7690 5792 7837 8741 3013 7505 7560 3424 5950 2719 1199 9687 2420 2672 8737 8240 5777
8023 1529 6679 1407 5363 6053 6850 604 712 2170 2422 9633 9874 3829 1076 8303 583 6277 8296 8443 5709 6967 180 2124 7085 5138 2440 1090 5206 3861 7493 6809 356 5230 8306 6430 4594 2957 1534 3890 2125 887 8167 9037 4283 3855 7435 7061 7709 7234 4332 7246 6417 9297
7321 132 7419 3365 4684 5303 3972 4462 5022 5062 8899 7308 1009 5136 8652 4370 8479 6406 6726 4632 7199 7317 9874 4144 2649 9235 4632 8827 6842 9336 2548 7373 6265 79 529 3646 1306 7516 2564 7954 9539 6432 9693 5068 5534 5179 1689 494 815 9729 7980 5668 9846 3825 2317
5874 9686 5810 3202 314 87 5646 5022 3235 9082 9476 9304 3814 1468 8440 1502 8203 9340 8686 2089 1412 6895 775 7554 744 6788 2843 9894 163 1332 6168 1446 3899 2172 9641 3042 5478 4302 907 615 8139 7429 8780 1639 7302 5832 9812 8232 3824 5072 2537 5983 2078 541 1629 7022
2680 4230 9371 9788 6045 2224 2979 2324 9525 3314 5457 4321 9239 3990 2565 4104 9789 849 4782 4278 372 8263 7160 7132 4344 809 2264 4584 5632 4496 4005 566 9686 1631 4810 1062 7914 756 3913 1408 3271 9743 930 518 3813 6854 164 6120 641 4008 9987 8974 7658 9664 7035 2273 4045
7437 628 4411 3476 7216 9654 49 4986 7061 7599 9357 4898 2198 6883 7617 408 4908 8371 1193 2552 4871 3201 2528 4063 3920 467 9094 5551 4141 4246 1888 886 965 9492 2528 2608 1429 4121 9799 7628 9250 819 4696 4493 2255 9128 8495 9890 7377 9197 914 6104 8753 500 6119 5407 2722 773
246 4346 69 7392 1136 2043 8057 8129 6544 94 3062 1205 5536 9268 6508 6653 2112 1491 1975 7841 9587 4348 838 7767 3098 718 716 6372 3845 6473 438 4561 4118 7173 4559 562 4873 6676 4961 3219 146 8597 5084 4035 981 1850 5036 230 7179 9053 4533 6774 5060 3934 2402 314 8936 2704 6176
8921 9586 3813 6676 2896 1247 1687 3460 7171 2115 7625 276 3313 4798 6381 9199 2923 2941 999 3385 1318 1555 5937 2915 3470 8778 2480 7695 6013 5700 6743 356 7277 6919 2123 8932 1482 1641 9448 1356 6124 4343 2482 6027 7139 812 9005 311 3044 6225 1553 5229 4324 208 5432 1607 3730 4301 266 1299
3145 5671 348 1681 1589 6347 3620 9821 3431 9690 2080 4334 4580 1660 6983 8286 5299 741 3167 3132 2294 7031 4801 9358 8296 8648 4731 8298 8841 9350 2324 4615 4630 2744 1093 4543 268 2534 4198 4312 9261 4796 8503 9988 9028 2171 7152 9317 1334 1520 2858 2805 6827 1257 1248 9685 2459 165 8320 2180 2188
8572 4599 6931 6331 8591 9388 3142 2744 2609 8971 5261 1367 6902 1541 9108 8676 2603 7157 2664 7895 9558 7671 8747 4888 4495 3380 5242 677 6895 6289 3949 4338 6311 7785 2654 3216 2661 6775 2110 5009 2323 2265 5108 2315 7569 8546 9527 6523 9380 8687 831 5036 2878 2796 9110 4680 3727 135 181 8685 1516 8789
5804 724 3840 9027 8546 430 6017 9328 3118 8544 5428 7626 6949 9313 7827 5238 5045 2130 5854 7108 369 221 48 722 3550 3728 5635 1359 8237 9628 4486 1571 379 2265 9358 9150 6485 7757 1963 1486 1040 5853 4301 5045 6231 1443 3094 169 8198 5008 2306 1470 8487 8323 7412 5073 7691 2283 3826 9958 6572 9594 2341
8757 2880 2602 5226 3728 3472 2388 5420 521 5018 5999 3781 3729 7988 726 3794 1956 3026 6766 1479 1107 1977 3318 4627 6769 1429 7151 1605 6979 6392 8238 7695 8994 1716 239 3498 7555 4395 620 6315 6537 165 767 2868 9336 674 8293 894 349 5072 1731 4741 3501 5519 4893 196 5099 7859 6164 6435 2686 5098 3696 5406
9298 8495 3631 3160 6333 3726 7229 7888 2469 5864 5732 259 2273 5097 8213 6978 6861 5849 8024 8693 8114 8912 9073 7631 9413 7118 2644 5476 6559 6906 441 1945 2285 7400 563 2891 3288 1056 3326 9459 4087 237 3031 6040 3860 8883 3665 6870 9677 8373 4789 8558 3628 7078 7593 3757 1897 5310 2004 49 62 1151 5889 1561 7867
5817 4306 2764 2555 6634 4663 8125 5526 4602 288 5534 7401 5847 7999 1475 8739 4396 4961 2024 7938 4519 8526 1477 333 7275 4078 1168 1107 5059 9327 6276 4324 7096 9157 5314 7486 7525 2705 7061 5451 7320 6150 8218 5416 6620 9207 2239 5129 7173 6964 6475 2620 9164 119 8703 5339 9356 6330 4012 1286 972 4684 2501 0 1630 436
5 8952 8679 2484 9988 3660 5487 289 4966 6873 9723 2690 9461 2758 8698 3016 688 4001 5757 797 2196 362 6635 8944 3450 9711 819 6063 6113 4375 3011 22 7694 3203 2936 7511 1168 2786 2167 6170 1881 2724 6028 8488 5674 66 9697 6354 5902 2091 9698 8088 2027 4450 5694 358 4052 6406 4416 2209 1842 8690 1870 2515 4467 4006 5490
7635 5412 5525 1928 5513 1995 4834 7063 8512 2264 2164 9635 1245 4750 6113 3202 6927 508 9482 9086 2807 4545 611 9466 3738 7727 2551 2041 9076 7807 8809 3883 112 9141 7406 3609 1061 6965 2585 8403 387 1158 8694 2248 2975 2327 4507 1910 2426 4335 7404 3635 5081 7817 6319 3259 1441 9584 6703 8858 1889 4887 9812 780 5141 1021 2323 9251
6583 6446 9042 1818 8072 4829 7663 7240 7856 5121 7698 8278 1571 5213 5759 2132 1461 6453 8432 8201 6286 9310 883 6394 5857 7045 7360 9501 9258 3027 1470 9630 6870 8719 6486 5890 5704 1828 4375 3050 457 7620 9788 8186 5983 8157 4923 8875 1714 5500 1072 7357 2811 3808 1497 2993 749 848 9315 7414 1944 5983 7173 2562 507 4526 875 9860 4827
1251 2502 2392 9138 7401 1330 7098 233 8728 3640 6894 7704 8630 3109 7839 4029 4366 9483 199 3516 8720 9990 8079 4551 5722 9058 1831 4334 1541 8459 9784 1624 9970 1316 3944 3282 39 396 62 5223 8565 7950 726 6785 1980 7097 2951 9295 4513 4144 6595 3207 8318 7378 1871 8606 6922 9579 9956 6214 8828 860 2374 4151 938 4618 7891 530 2502 3203
1085 7569 2620 6726 3643 4563 8613 2034 2813 902 1088 4847 1199 1590 1457 4221 9824 4742 6506 9562 5427 2268 681 7224 9461 3409 3186 110 384 5081 1455 717 2688 224 8085 7206 7653 3206 5753 8906 5432 5789 9779 9330 2833 6992 9649 9712 7016 6534 5775 9894 6538 7943 2790 374 2462 9502 755 25 1849 3856 3257 7588 815 1852 9305 9463 6267 3139 321
7912 1169 2762 8514 2624 754 3229 5799 6724 7487 2199 8275 7063 4786 8640 3306 2350 3449 5477 995 500 1444 3102 2892 5982 6530 7452 7327 866 8967 3042 8932 5700 1040 8037 6838 5361 1258 679 810 5648 9327 1824 6397 4853 7634 6318 9006 7175 6846 3487 108 6661 7066 1788 577 3445 3248 7737 351 2685 6735 8154 6826 5366 109 8008 9302 6541 6608 5203 8674
5019 8511 2906 310 952 2356 9498 4665 9787 2197 8628 9302 309 5347 978 3455 576 9507 9754 3282 7954 4828 1971 4475 4758 2399 936 6539 9692 7806 9228 1384 895 8902 349 3493 7576 6654 3883 915 2641 8629 5098 3095 541 4423 8919 62 582 8961 728 8175 839 4469 3479 6512 2636 448 2495 2492 2246 122 3431 5091 243 3949 9232 2738 5309 2506 42 9156 1873
5928 4508 2089 9284 1166 3187 1399 9729 387 8058 9326 8342 2852 3755 7264 9744 2982 229 8881 3395 2029 9519 107 7551 2220 972 8149 4799 7854 4031 1109 7300 8996 1408 4660 4065 3951 2383 2625 2424 4913 8249 7112 7526 1439 3834 2452 6042 3850 7394 3506 3467 9039 7450 1977 5451 2939 9928 375 2294 7682 7393 2029 9024 2322 6687 2494 5246 7124 6131 1364 7827 8787 7981
2452 1054 3199 6842 3027 7938 948 812 4712 8391 7095 976 9331 1327 4913 2333 7839 6875 176 1001 5797 5294 1050 1408 3361 8786 6531 9543 1096 8778 8912 5805 9578 7192 4300 3091 8565 3824 1132 5790 1386 8621 1951 7643 4340 1779 2072 4594 581 3220 5022 1214 3219 6342 2675 4044 36 7941 9524 4289 6070 101 6241 449 3267 1499 7950 7758 3874 8541 2537 1198 8496 5750 5325
480 2257 4319 694 4992 882 3306 646 953 2033 1617 4279 4938 4144 7103 2193 3068 9157 5836 5150 8051 1605 7903 557 8739 5155 607 6724 1621 8787 1435 2138 6313 9108 3979 7716 1982 2637 246 6974 5857 5207 7013 6364 7379 7852 7960 9361 4062 2926 3703 2367 3848 8763 5932 32 4953 8303 6064 7606 746 1082 2930 7118 222 4004 2239 2426 5894 4750 4446 2670 8127 1563 7644 6251
990 1104 7800 4587 2016 6871 639 9740 3259 3914 9642 8561 9113 6142 1862 4213 2438 4749 7557 8193 3847 1289 1491 3695 4461 2206 4684 7904 3755 2391 604 1916 1108 2692 9511 2936 7161 7419 1098 8701 6338 5084 6993 4294 4954 5657 9707 5161 7968 2469 8235 4794 4315 5004 4416 3821 61 532 7031 8811 1452 8675 6671 3686 2173 6417 6045 976 9057 7919 2145 4105 3317 5304 473 1352 4469
9063 9445 2492 481 7465 715 7859 2546 580 1836 4682 8014 8568 8694 262 6490 2789 5835 7011 6032 7694 5954 1243 2754 1421 3901 7625 3533 3686 3707 894 3441 7200 1214 7828 7760 3505 6351 1522 7717 3145 9329 511 9975 5699 4179 6938 5166 2343 7306 9689 1942 1411 623 5008 8786 5132 7396 8821 9266 5423 381 50 5911 604 8829 7914 534 438 6558 2496 2796 1988 6149 6196 5009 4620 6357
1183 2032 800 2275 4641 1030 9609 4266 585 2553 3188 2880 2373 1899 3482 1480 4682 6943 9508 2554 1846 8635 8655 8352 9620 1774 8860 6306 8977 7892 8571 2628 9613 2663 2393 78 5443 137 3799 3932 6716 3872 2190 2584 848 2993 1375 1893 2159 8160 8304 1869 2144 9302 1860 1581 7080 6900 9673 4718 8445 4199 6872 7064 347 6428 4441 339 5255 2438 1574 2270 9186 190 7360 9651 3632 8747 5927
6570 5817 3906 1078 8238 2608 9951 1533 8925 2258 1445 7268 1059 9313 754 6620 5497 242 951 2264 6362 9588 8518 9372 7527 6979 6140 6389 4747 763 2770 41 529 8800 5087 8848 6805 3229 7104 8003 8664 8508 5242 4180 1448 4182 7950 8222 2127 4891 415 5343 7899 1844 9137 5875 2478 6118 5682 6658 9447 1866 541 7165 1617 9148 860 6789 4698 3584 222 6605 9142 6220 842 4337 8453 8002 9123 8167
6754 1388 8956 84 6686 541 4158 5842 1037 5829 8263 9713 79 2757 485 8524 8817 7476 4180 2541 5493 8369 644 4292 4303 1754 7358 6900 3858 845 2248 718 9243 29 40 4289 8139 9320 9157 114 9947 6838 9892 8489 6651 7764 2898 1421 5643 7601 3485 2369 9214 7400 4344 254 924 208 2158 9651 1431 673 7174 3451 2288 920 8152 3758 9658 4172 8816 4538 8783 4146 2064 3923 1155 7406 9947 6472 6742
4843 3775 7768 637 8381 7474 9765 1379 8181 9169 5609 5852 9492 6693 7254 4186 4595 3270 2914 7860 8979 2452 1042 4419 5953 68 8342 9263 1788 6744 2070 4058 3258 1075 7163 8219 5831 8059 1409 8109 1008 2272 1947 9321 8271 5467 792 6066 8632 1930 5877 5807 7203 6796 7635 398 1963 216 1002 8631 1670 275 5453 5135 5638 6897 368 9630 4928 4299 9848 9155 5530 4674 3 4950 2026 2803 1576 1886 6573 1692
9231 5780 198 1518 7331 9256 6151 7075 855 6131 1860 2161 8872 349 9046 6544 9665 8991 5966 6265 9220 5387 7323 608 808 603 6429 5411 7662 1208 3467 2835 5417 9276 7202 2626 9229 4665 5694 1773 8246 5083 3358 9741 652 8444 3747 9113 1494 2407 1594 1438 813 511 7931 2561 2322 7824 9504 180 4883 886 329 7735 4874 1470 7039 3537 2966 5897 9272 3696 8750 8024 3980 1149 9667 2692 4277 1955 1989 5197 9580
4705 8153 1062 3169 4046 2202 7374 1626 333 2382 1682 9681 1489 9434 5057 3655 611 4264 9521 7069 7713 9335 6704 2197 233 868 7501 3908 679 4216 9128 43 2827 8082 1943 7590 2366 9495 9227 1061 7575 8151 1651 5545 5753 626 879 8881 9311 3850 7703 773 8027 9434 6557 3298 8250 4215 4575 7416 7452 2631 9650 3760 5507 6288 2588 4483 7546 5713 2577 3959 4409 5190 6145 3450 7670 6904 7295 6900 2509 1300 8212 5272
1555 7102 7765 5995 5560 1285 6755 2776 2699 6920 9730 3860 1554 3465 3564 1406 1706 9297 5830 3288 4588 9812 4419 2124 8177 887 3576 4249 7719 3967 1649 2493 7316 5627 6962 5816 2698 5893 4175 7774 5100 933 3248 3053 9952 3623 8271 3583 9685 2846 1076 2674 8199 4409 5795 1799 2001 4884 3748 888 5395 5282 1444 4797 4276 5226 9994 8944 7609 703 2573 7856 2662 5445 6067 4707 1556 6849 7405 1584 2884 8656 5154 5324 2739
6379 2424 9746 9359 8137 8282 824 2329 6453 1095 7120 5195 4738 3623 3917 7340 8924 7747 8279 577 5393 6037 4544 167 1008 2798 3639 958 416 5815 7869 344 4740 6522 903 1490 9581 1330 8723 1026 7537 2464 2062 9394 1003 7664 4389 1884 4307 3867 267 8903 8176 9149 3402 3152 42 3578 5021 1820 2581 8333 990 8861 3515 8673 12 8963 2313 9028 1599 7557 3597 7481 9263 1681 2254 4541 9137 3104 6684 5163 1011 413 8122 1684
7243 9128 5674 7241 4203 7174 9927 1659 6023 9707 40 2294 554 5066 3588 2264 7125 6476 3009 6440 4330 7887 6418 6965 9289 273 3664 4237 4745 4446 951 8064 4377 3046 5701 1347 6694 2515 5230 8425 9424 4473 4964 863 6441 4110 5894 7303 7021 8668 2998 6935 1608 4869 2815 1330 1093 2839 8934 984 1667 3056 2080 234 1005 4499 8469 6289 1209 8827 5427 8783 0 2160 5014 6229 1392 4200 3111 695 3663 735 5795 2157 2481 3274 3229
475 8684 9353 3958 900 714 4859 2156 1050 8446 8790 2865 825 7962 887 7149 6565 1681 9175 9159 305 2329 4463 6048 9905 83 2845 6944 898 8765 4775 9141 9224 8551 3007 3513 2313 9558 2264 4915 5353 374 4792 6625 1012 1443 4495 8421 2051 3513 3799 749 7833 3210 5052 7976 7149 592 3645 5301 4782 9316 6532 3422 8850 2302 2707 1222 1919 142 3167 4862 7197 43 4321 9726 1275 9338 6474 9730 273 2433 1719 2610 6390 8428 7142 791
5556 5695 8120 3035 8265 3421 2264 8641 2607 3897 6458 2949 3710 380 6487 2356 7087 9670 9368 991 8868 840 4673 8492 7175 4961 6033 1950 4689 2183 7398 1622 236 2712 1430 5625 3099 2946 6715 4292 4664 7952 6911 638 4510 9686 4937 221 4744 2751 5494 9788 8345 6644 2427 6283 3454 2736 1706 8215 3201 6338 1812 1756 1055 2387 8910 6328 7708 185 7350 6801 6709 8667 6888 5082 2279 3445 2252 3746 9102 670 6738 6030 2625 8952 5169 1608 6252
5288 9420 2471 6301 2567 1863 6641 3252 2280 9464 1711 2276 6171 3729 9520 1343 5361 1085 6544 2273 4081 3193 4074 5547 2698 3477 8476 2995 3162 8283 5434 9162 4495 655 5253 2895 1276 55 4190 2354 5070 478 1654 5355 8976 899 5495 5916 2475 4375 6904 9812 7218 8007 7581 1446 3229 9031 8126 5273 1715 6480 121 2225 7358 8138 4250 3022 6074 5454 9242 7571 4095 1205 2117 8330 9871 4933 1936 1462 9569 3502 8587 4121 7215 3503 4804 5079 9005 1359
7596 3642 7483 7192 494 2999 5997 8166 9389 6786 4841 2609 8029 4558 2273 2775 4069 5415 4401 159 2979 8227 4091 5385 4560 8950 5473 281 3206 5013 9123 7525 1743 2350 5914 7181 0 9958 420 2747 1142 4355 4193 4331 9247 8187 413 9260 4557 3660 4079 232 2454 8445 304 8817 1104 6420 9361 8892 2715 7962 567 306 7038 4013 120 5924 87 789 4682 224 4366 7033 2249 2754 5753 8082 8906 3836 1173 8479 1919 8760 1123 5259 5898 2765 2273 8716 9444
1985 1883 2621 5440 1582 7730 1311 7484 2232 3596 2395 1800 4653 619 652 5867 5502 2866 2011 8802 9854 7590 2586 2441 8680 6674 9332 8143 5302 3741 3621 8869 7695 4495 6902 968 3408 1378 9756 6895 399 7526 3666 8839 1963 5848 2180 7869 1224 4531 2494 731 2538 5255 4291 3367 1184 953 2242 6664 211 3419 1750 8443 5183 5726 7933 3957 2481 3318 460 5977 8513 4109 4401 3517 9954 1002 1417 5352 2360 9923 4035 3214 2825 8928 4740 9455 1255 5506 316 4509
7613 8068 3785 3245 4632 7681 6523 1872 7368 502 7367 1090 151 6969 9152 3138 6601 3115 2691 6916 9605 9610 9282 2659 5219 6682 676 1435 3830 8804 6330 1542 572 4991 4309 2628 2787 7695 8230 4529 6814 2123 4486 7330 8217 6659 6151 2896 7289 9762 4234 1592 1911 6624 8403 2290 7167 7131 1675 1537 1476 9016 3972 2746 1255 2036 6898 1912 6343 8960 2295 6863 9739 3452 6959 1296 8334 3426 1150 3101 2041 9063 1575 8222 7560 5390 2478 3218 758 2206 7376 730 3946
8468 9986 3762 7542 364 1799 9617 4093 9900 9942 6164 8630 5841 7227 1094 2686 4447 5277 9186 9986 5219 8608 1612 7549 2795 108 4445 2719 7144 5789 8717 7551 6419 3724 9814 883 1678 1022 4071 7549 5868 8844 7606 4455 8419 563 8026 1715 1057 7180 8935 8732 2973 6527 2539 9441 2655 3571 4553 7187 4963 4985 3940 9629 9050 4826 1246 1203 3762 478 9569 4782 3607 351 8718 55 857 605 437 6882 9824 1956 5252 2222 7613 7658 8819 9050 7411 8829 2783 5706 294 5868
9109 8537 2243 9381 3522 7537 2176 3375 9145 2121 2325 6105 4916 7374 1675 8291 9870 3446 3172 3915 6161 1809 7740 8859 8699 448 7502 6592 727 4459 7242 7711 2905 3661 8805 4387 9994 3555 8561 8522 4565 4149 5391 5888 1200 4068 1634 5692 2143 4917 8758 1050 4805 1788 5265 5353 237 7036 7528 6790 6793 1502 1525 7080 5512 2641 5704 1597 829 337 5100 4789 9102 2011 8636 1470 3226 9663 5877 9407 4574 5831 1165 6106 9450 24 2644 7963 4687 2166 6250 3030 8348 5068 6642
6144 5850 4140 9605 4748 2388 9140 4522 9417 7531 5106 6516 3834 6233 8330 1788 7174 7684 1749 3601 8273 710 2860 2878 7579 4810 1285 9355 8135 6809 797 9398 5439 1574 3383 4099 8486 2311 324 2865 9710 598 1091 8720 412 3350 1643 64 4024 6265 2023 43 425 7089 5745 7813 7920 2102 9794 4995 9683 1480 8968 2683 30 1846 1081 2474 6677 7198 7192 2251 8573 3317 6950 9094 619 2825 8586 3016 3357 1077 8724 322 2952 9445 8766 4308 8306 6795 2420 5483 3393 4017 1734 4392
8883 1792 1739 6643 7936 4928 2153 9808 8972 1137 9618 2881 4785 2490 16 2428 1405 9920 6021 9502 7160 6521 2188 5296 889 3393 2148 7289 2505 9500 1422 8501 2728 3581 8117 3749 1790 6807 5022 8742 2245 2082 5360 6086 757 833 6965 1700 4464 1025 3569 1272 3568 3876 915 4259 653 2367 2986 9352 1171 7056 5001 2299 659 2581 3998 7864 2521 3721 8560 2807 9790 4608 5927 7807 63 5925 5104 2009 4430 6897 9281 4551 4679 3263 7258 7988 5414 5694 7197 4765 1063 3703 6847 849 2910
5663 9727 7221 5320 9983 4630 4603 5841 8674 9632 2371 3447 6495 4746 2306 6031 1544 4860 2419 9447 482 2634 3820 1356 1318 3605 3554 1997 4343 5975 831 1471 1205 8367 6978 5667 1185 9737 8968 229 2978 274 8267 870 855 842 5928 9595 7710 3035 2116 3271 4757 1402 2401 9191 1455 3755 5438 1309 9001 6042 5629 9472 3549 9543 1994 4418 9111 561 9592 5617 3254 2678 909 5970 5205 1289 8449 5515 1339 326 579 6303 2127 2563 461 768 4288 1287 1529 16 4517 8111 8548 7336 1312 1134
1282 7181 2360 1189 706 7503 5671 8227 947 9908 8097 319 1527 2549 950 5972 7207 9607 9290 2524 6968 765 2275 9792 940 8348 1154 655 9596 3855 9078 4813 3556 1548 189 2045 7087 6982 669 6562 2117 1988 3202 2339 4594 3987 2728 8542 7257 6231 2524 6798 2504 1160 3838 9423 8638 218 8762 4017 395 653 167 507 7223 6023 6974 4803 6822 5214 7423 2811 3385 1803 2082 4702 8696 4251 4362 4859 3984 8439 1534 3840 2663 2295 8906 1355 2056 9827 2307 1486 3115 9418 4938 9169 2083 1094 1139
1932 1311 6191 3847 1429 3417 1551 3111 8327 4355 3367 3345 4 2036 4944 7304 6747 4653 7348 3375 7789 2784 9517 7414 2685 467 206 4184 2775 4865 6465 68 1619 2498 5041 9355 2361 2269 9258 858 7078 6475 5885 2072 2848 5757 3672 7009 487 688 5093 7413 9181 7648 850 6523 183 5707 3137 2970 7092 7528 1057 7961 1150 2872 8652 2100 2110 2459 1090 1170 9461 2198 4727 5510 3288 3652 1768 179 203 3530 1604 9923 9778 2096 136 2729 3956 940 1163 7862 6145 657 7468 4137 757 6536 7817 1738
